TF-IDF rouge 1 score:  
r: 0.0333653291288336
p: 0.0333653291288336
f: 0.002131200632425981

TF-IDF rouge 2 score:
r: 0.0
p: 0.0
f: 0.0

TF-IDF rouge L score:
r: 0.0333653291288336
p: 0.0333653291288336
f: 0.002131200632425981