Mean rouge 1 score: 
r:0.08138995164546681
p:0.08138995164546681
f:0.13303740973341283

Mean rouge 2 score:
r:0.042080749440056096
p:0.042080749440056096
f:0.0656121829703407

Mean rouge L score:
r:0.09639368093457043
p:0.09639368093457043
0.1497182664555081