Mean rouge 1 score: 
r:0.4971034767922087 
p:0.4971034767922087
f:0.4667671807069925

Mean rouge 2 score: 
r:0.35492800311220823 
p:0.35492800311220823
f:0.33266590699951926

Mean rouge L score: 
r:0.48271125985546176
p:0.48271125985546176
f:0.4546596242234321