SMMRY rouge 1 score:
r: 0.02206080145664252
p: 0.02206080145664252
f: 0.0018426351354706373

SMMRY rouge 2 score:  
r: 0.0
p: 0.0
f: 0.0

SMMRY rouge L score:
r: 0.02206080145664252
p: 0.02206080145664252
f: 0.0018426351354706373